206646
224324
206619
224326
206624
219644
214995
215058
206750
206617
206626
219638
224330
224328
206710
206676
206762
206635
206702
206769
206534
215007
206678
206752
206675
206572
219652
219693
206738
215048
215076
206720
206630
206758
219668
206669
206741
206659
215056
206684
206564
206732
206768
219654
206648
206561
206672
206747
219637
206681
219633
206643
206671
206695
215010
215074
206766
206704
206682
206605
206660
206620
215080
206756
219659
215009
219676
206770
206656
206645
206730
206700
215084
206713
206725
219651
206729
206734
206727
219646
215004
206629
206614
206719
206547
206724
206622
206603
206563
206739
206636
215023
206743
224845
219634
224327
206623
219692
206658
224325
206742
206618
206609
206708
206647
219645
215050
224323
206644
206755
206677
206711
206703
206767
215077
219657
206548
219669
219643
206621
206616
206746
206733
206751
219653
206761
215062
219670
206723
206571
219655
222171
215057
206753
206721
215075
215008
206668
222170
206625
206740
206731
219658
206562
206757
206569
206673
224844
206627
206667
206536
214994
206538
215085
215067
215061
206726
206570
215055
215049
206615
206712
219656
206683
206709
206608
219691
206701
206604
215003
206628
219675
206728
206754
206718
206657
206670
206655
